2.080906560000000172e+04
2.060027040000000125e+04
2.061642239999999947e+04
2.068973400000000038e+04
2.072449880000000121e+04
2.086859179999999833e+04
2.080144429999999920e+04
2.073974919999999838e+04
2.095461149999999907e+04
2.094817009999999937e+04
2.061211300000000119e+04
2.075410889999999927e+04
2.066404880000000048e+04
2.097477980000000025e+04
2.080620799999999872e+04
2.097539579999999842e+04
2.127839919999999984e+04
2.125809240000000136e+04
2.189368360000000030e+04
2.174906220000000030e+04
2.166210160000000178e+04
2.148187380000000121e+04
2.165306230000000141e+04
2.165143549999999959e+04
2.175704049999999916e+04
2.175647950000000128e+04
2.166858989999999903e+04
2.053228139999999985e+04
2.130154890000000159e+04
2.230402549999999974e+04
2.283698229999999967e+04
2.289756840000000011e+04
2.286690299999999843e+04
2.236610880000000179e+04
2.238607489999999962e+04
2.250848819999999978e+04
2.256818330000000060e+04
2.250859140000000116e+04
2.255182979999999952e+04
2.253431009999999878e+04
2.250063940000000002e+04
2.253358840000000055e+04
2.248045319999999992e+04
2.273935550000000148e+04
2.267637189999999828e+04
2.260332790000000023e+04
2.276012250000000131e+04
2.259264419999999882e+04
2.262124329999999827e+04
2.250226619999999821e+04
2.261484579999999914e+04
2.263711249999999927e+04
2.282459690000000046e+04
2.280954019999999946e+04
2.285317320000000109e+04
2.272055470000000059e+04
2.286858629999999903e+04
2.273954999999999927e+04
2.272159110000000146e+04
2.290188490000000093e+04
2.291045420000000013e+04
2.292761089999999967e+04
2.290962860000000001e+04
2.276165199999999822e+04
2.300077569999999832e+04
2.293519989999999962e+04
2.277221770000000106e+04
2.299831149999999980e+04
2.302299350000000049e+04
2.301101299999999901e+04
2.301328940000000148e+04
2.301958320000000094e+04
2.282525310000000172e+04
2.297649959999999919e+04
2.300666330000000016e+04
2.311450379999999859e+04
2.312867940000000090e+04
2.314931620000000112e+04
2.309662069999999949e+04
2.312323489999999947e+04
2.314201020000000062e+04
2.317444930000000022e+04
2.309823070000000007e+04
2.311733780000000115e+04
2.310784609999999884e+04
2.310149629999999888e+04
2.302540610000000015e+04
2.295254809999999998e+04
2.249168110000000161e+04
2.262187570000000051e+04
2.327094410000000062e+04
2.324831940000000031e+04
2.325032900000000154e+04
2.328619519999999829e+04
2.327918079999999827e+04
2.325533559999999852e+04
2.328243649999999980e+04
2.322849209999999948e+04
2.330824279999999999e+04
2.325522869999999966e+04
2.328834080000000176e+04
2.324688690000000133e+04
2.329828659999999945e+04
2.324230110000000059e+04
2.324170290000000023e+04
2.324372739999999976e+04
2.324027760000000126e+04
2.324780189999999857e+04
2.327973029999999926e+04
2.322386699999999837e+04
2.328974989999999889e+04
2.331436549999999988e+04
2.326562989999999991e+04
2.325996710000000166e+04
2.324704890000000159e+04
2.326611630000000150e+04
2.318606529999999839e+04
2.318557219999999870e+04
2.317390950000000157e+04
2.319558150000000023e+04
2.314869340000000011e+04
2.315058850000000166e+04
2.317416630000000077e+04
2.306137010000000009e+04
2.309014689999999973e+04
2.312839570000000094e+04
