6.076175000000000000e+09
6.078450000000000000e+09
6.081300000000000000e+09
6.084550000000000000e+09
6.087575000000000000e+09
6.091025000000000000e+09
6.093975000000000000e+09
6.097400000000000000e+09
6.100825000000000000e+09
6.103925000000000000e+09
6.107125000000000000e+09
6.110450000000000000e+09
6.113900000000000000e+09
6.117475000000000000e+09
6.120425000000000000e+09
6.123825000000000000e+09
6.127300000000000000e+09
6.130300000000000000e+09
6.134225000000000000e+09
6.137150000000000000e+09
6.139975000000000000e+09
6.143050000000000000e+09
6.146400000000000000e+09
6.149550000000000000e+09
6.152950000000000000e+09
6.156100000000000000e+09
6.159100000000000000e+09
6.160325000000000000e+09
6.162525000000000000e+09
6.165425000000000000e+09
6.168175000000000000e+09
6.174550000000000000e+09
6.178925000000000000e+09
6.181875000000000000e+09
6.186125000000000000e+09
6.191325000000000000e+09
6.194325000000000000e+09
6.197375000000000000e+09
6.200500000000000000e+09
6.203650000000000000e+09
6.206850000000000000e+09
6.210050000000000000e+09
6.212900000000000000e+09
6.216400000000000000e+09
6.219700000000000000e+09
6.222775000000000000e+09
6.226125000000000000e+09
6.229150000000000000e+09
6.232300000000000000e+09
6.235475000000000000e+09
6.238625000000000000e+09
6.241700000000000000e+09
6.245000000000000000e+09
6.248125000000000000e+09
6.251325000000000000e+09
6.254525000000000000e+09
6.257850000000000000e+09
6.261075000000000000e+09
6.264450000000000000e+09
6.267900000000000000e+09
6.271075000000000000e+09
6.274275000000000000e+09
6.277425000000000000e+09
6.280500000000000000e+09
6.283800000000000000e+09
6.286900000000000000e+09
6.289925000000000000e+09
6.293175000000000000e+09
6.296350000000000000e+09
6.299475000000000000e+09
6.302575000000000000e+09
6.305750000000000000e+09
6.308625000000000000e+09
6.311800000000000000e+09
6.314825000000000000e+09
6.317975000000000000e+09
6.320925000000000000e+09
6.323850000000000000e+09
6.326850000000000000e+09
6.329750000000000000e+09
6.332725000000000000e+09
6.335625000000000000e+09
6.338575000000000000e+09
6.341425000000000000e+09
6.344225000000000000e+09
6.347100000000000000e+09
6.349975000000000000e+09
6.352700000000000000e+09
6.354850000000000000e+09
6.358275000000000000e+09
6.361700000000000000e+09
6.364400000000000000e+09
6.367125000000000000e+09
6.369875000000000000e+09
6.372600000000000000e+09
6.375350000000000000e+09
6.378075000000000000e+09
6.380825000000000000e+09
6.383575000000000000e+09
6.386225000000000000e+09
6.388900000000000000e+09
6.391575000000000000e+09
6.394200000000000000e+09
6.396900000000000000e+09
6.399525000000000000e+09
6.402125000000000000e+09
6.404800000000000000e+09
6.407425000000000000e+09
6.410025000000000000e+09
6.412700000000000000e+09
6.415200000000000000e+09
6.417525000000000000e+09
6.420200000000000000e+09
6.422450000000000000e+09
6.424975000000000000e+09
6.427425000000000000e+09
6.429875000000000000e+09
6.432150000000000000e+09
6.434525000000000000e+09
6.436825000000000000e+09
6.439175000000000000e+09
6.441500000000000000e+09
6.443800000000000000e+09
6.446175000000000000e+09
6.448475000000000000e+09
6.450450000000000000e+09
